[2025-11-18 21:30:53] Program starts. 
[2025-11-18 21:30:53] There are total of 11 containers on the ship.
[2025-11-18 21:30:53] Move 1: [5, 3] -> [8, 9], Steps: 19
[2025-11-18 21:30:53] Move 2: [6, 3] -> [8, 8], Steps: 15
[2025-11-18 21:30:53] Move 3: [6, 4] -> [8, 7], Steps: 11
[2025-11-18 21:30:53] Move 4: [7, 2] -> [8, 6], Steps: 11
[2025-11-18 21:30:53] Move 5: [7, 3] -> [7, 9], Steps: 10
[2025-11-18 21:30:53] Move 6: [7, 4] -> [7, 8], Steps: 9
[2025-11-18 21:30:53] Move 7: [7, 5] -> [7, 7], Steps: 5
[2025-11-18 21:30:53] Move 8: [8, 2] -> [7, 6], Steps: 11
[2025-11-18 21:30:53] Move 9: [8, 3] -> [6, 9], Steps: 12
[2025-11-18 21:30:53] Total steps: 110
[2025-11-18 21:30:53] Moves: [((5, 3), (8, 9), 19), ((6, 3), (8, 8), 15), ((6, 4), (8, 7), 11), ((7, 2), (8, 6), 11), ((7, 3), (7, 9), 10), ((7, 4), (7, 8), 9), ((7, 5), (7, 7), 5), ((8, 2), (7, 6), 11), ((8, 3), (6, 9), 12)]
[2025-11-18 21:30:53] Grid: 
[[  0   0   0   0   0   0   0   0   0   0   0   0]
 [  0   0   0   0   0   0   0   0   0   0   0   0]
 [  0   0   0   0   0   0   0   0   0   0   0   0]
 [  0   0   0   0   0   0   0   0   0   0   0   0]
 [  0   0   0   0   0   0   0   0   0   0   0   0]
 [  0   0   0   0   0   0   0   0   0   0   0   0]
 [ -1   0   0   0   0   0   0   0   0 334   0  -1]
 [ -1  -1   0   0   0   0 100  20  20  40  -1  -1]
 [ -1  -1   0   0 333 333  20  50  82  50  -1  -1]]
[2025-11-18 21:30:53] Program ends. Computation time: 0.01 seconds
