[2025-11-18 21:30:51] Program starts. 
[2025-11-18 21:30:51] There are total of 6 containers on the ship.
[2025-11-18 21:30:51] Move 1: [8, 1] -> [8, 10], Steps: 24
[2025-11-18 21:30:51] Move 2: [8, 2] -> [8, 9], Steps: 15
[2025-11-18 21:30:51] Move 3: [8, 3] -> [8, 8], Steps: 11
[2025-11-18 21:30:51] Move 4: [8, 4] -> [8, 6], Steps: 6
[2025-11-18 21:30:51] Total steps: 66
[2025-11-18 21:30:51] Moves: [((8, 1), (8, 10), 24), ((8, 2), (8, 9), 15), ((8, 3), (8, 8), 11), ((8, 4), (8, 6), 6)]
[2025-11-18 21:30:51] Grid: 
[[  0   0   0   0   0   0   0   0   0   0   0   0]
 [  0   0   0   0   0   0   0   0   0   0   0   0]
 [  0   0   0   0   0   0   0   0   0   0   0   0]
 [  0   0   0   0   0   0   0   0   0   0   0   0]
 [  0   0   0   0   0   0   0   0   0   0   0   0]
 [  0   0   0   0   0   0   0   0   0   0   0   0]
 [  0   0   0   0   0   0   0   0   0   0   0   0]
 [  0   0   0   0   0   0   0   0   0   0   0   0]
 [ -1   0   0   0   0 504 102 100  99 100 101  -1]]
[2025-11-18 21:30:51] Program ends. Computation time: 0.0 seconds
